2026-04-09 536 503 8 25 536
2026-04-10 565 532 8 25 29
2026-04-11 594 558 10 26 29
2026-04-12 628 587 12 29 34
2026-04-13 679 623 14 42 51
2026-04-14 718 655 16 47 39
2026-04-15 763 690 19 54 45
2026-04-16 837 751 24 62 74
2026-04-17 922 820 26 76 85
2026-04-18 973 860 33 80 51
2026-04-19 1025 898 40 87 52
2026-04-20 1077 947 40 90 52
2026-04-21 1135 1002 41 92 58
2026-04-22 1185 1047 42 96 50
2026-04-23 1243 1101 43 99 58
2026-04-24 1324 1174 48 102 81
2026-04-25 1364 1212 50 102 40
2026-04-26 1411 1257 52 102 47
2026-04-27 1489 1331 54 104 78
2026-04-28 1537 1377 54 106 48
2026-04-29 1581 1416 54 111 44
2026-04-30 1618 1447 54 117 37
2026-05-01 1677 1503 55 119 59
2026-05-02 1748 1567 58 123 71
2026-05-03 1811 1625 59 127 63
2026-05-04 1876 1687 61 128 65
2026-05-05 1928 1738 61 129 52
2026-05-06 2007 1809 64 134 79
2026-05-07 2066 1860 70 136 59
2026-05-08 2111 1902 71 138 45
2026-05-09 2172 1961 71 140 61
2026-05-10 2235 2010 76 149 63
2026-05-11 2279 2053 77 149 44
2026-05-12 2328 2099 77 152 49
2026-05-13 2378 2145 79 154 50
2026-05-14 2420 2180 83 157 42
2026-05-15 2456 2214 83 159 36
2026-05-16 2493 2245 87 161 37
